3,T2,24760520,59434640,,155,98,Z,123,Lennujaam
3,T6,24755970,59437210,,81,102,Z,125,Suur-Paala
3,T1,24669890,59460630,,121,110,Z,115,Kadriorg
3,T6,24709490,59450300,,320,114,Z,42,Kopli
3,T1,24785530,59440390,,0,123,Z,58,Kopli
3,T5,24669440,59461100,,316,131,Z,52,Kopli
3,T1,24751830,59442460,,151,148,Z,87,Kadriorg
3,T4,24786610,59429850,,99,503,Z,99,Lennujaam
3,T5,24740640,59441600,,60,504,Z,29,Vana-Lõuna
3,T3,24757340,59437220,,269,507,Z,2,Tondi
3,T3,24734070,59411130,,198,508,Z,98,Tondi
3,T6,24704650,59453100,,125,510,Z,7,Suur-Paala
3,T3,24757700,59437190,,87,513,Z,29,Kadriorg
3,T2,24729390,59441890,,115,515,Z,7,Lennujaam
3,T6,24813880,59426850,,268,516,Z,83,Suur-Paala
3,T6,24807880,59426490,,84,518,Z,103,Suur-Paala
3,T4,24734260,59411280,,205,521,Z,24,Tondi
3,T2,24799640,59418200,,100,522,false,102,Kopli
3,T1,24728130,59442250,,295,523,false,32,Kopli
3,T2,24669820,59460910,,317,525,false,46,Kopli
3,T4,24797640,59426140,,356,527,false,70,Tondi
3,T5,24752210,59436350,,59,530,false,8,Kopli
3,T6,24669000,59461300,,316,532,false,27,Suur-Paala
3,T3,24734060,59410880,,198,533,false,64,Tondi
3,T1,24669090,59461340,,318,534,false,10,Kopli
3,T2,24667270,59461540,,280,535,false,27,Lennujaam
3,T4,24742690,59426980,,0,536,false,123,Lennujaam
3,T6,24763350,59433020,,297,538,false,66,Kopli
3,T4,24748910,59435220,,237,539,false,50,Tondi
3,T2,24743550,59443150,,206,541,false,64,Kopli
3,T2,24776560,59428390,,309,542,false,82,Kopli
2,12,24896950,59445290,,327,1003,Z,137,Seli
2,42,24635950,59412570,,135,1009,Z,46,Väike-Õismäe
2,24,24686370,59403480,,302,1013,Z,64,Kadaka
2,67,24897280,59444960,,358,1014,Z,88,Seli
2,1,24632340,59358860,,154,1017,Z,78,Vana-Pääsküla
2,42,24746630,59432900,,90,1018,Z,17,Priisle
2,24,24655940,59404970,,23,1019,Z,36,Kadaka
2,67,24896460,59445380,,31,1023,Z,60,Seli
2,24,24747390,59432830,,92,1037,Z,87,Estonia
2,42,24729370,59429200,,297,1039,Z,86,Väike-Õismäe
2,13,24895380,59447670,,190,1071,Z,55,Priisle
2,8,24757030,59440530,,294,1116,Z,52,Väike-Õismäe
2,59,24742530,59441730,,57,1117,Z,8,Balti jaam
2,41,24693480,59429570,,87,1142,Z,6,Balti jaam
2,23,24732150,59410930,,220,1143,Z,22,Kadaka
2,2,24742420,59441680,,68,1152,Z,8,Balti jaam
2,54,24691950,59429860,,275,1153,Z,68,Väike-Õismäe
2,73,24748440,59427600,,349,1167,Z,55,Kopli liinid
2,8,24884850,59483790,,151,1170,Z,91,Äigrumäe
2,36,24723890,59392720,,72,1180,Z,5,Viru
2,24A,24637280,59397660,,243,1186,Z,51,Estonia
2,21,24726160,59428730,,240,1187,Z,7,Landi
2,22,24641290,59418280,,215,1203,Z,8,Väike-Õismäe
2,54,24833620,59431070,,156,1215,Z,18,Väike-Õismäe
2,21,24615080,59435330,,99,1222,Z,48,Viru keskus
2,13,24637630,59412880,,294,1223,Z,4,Väike-Õismäe
2,36,24743740,59429530,,214,1225,Z,24,Väike-Õismäe
2,24A,24709350,59415050,,20,1230,Z,29,Estonia
2,36,24681410,59390030,,300,1232,Z,106,Väike-Õismäe
2,36,24635490,59411960,,145,1235,Z,62,Väike-Õismäe
2,36,24635390,59411960,,171,1236,Z,84,Väike-Õismäe
2,24A,24655800,59404990,,45,1240,Z,72,Kadaka
2,18,24757590,59436970,,355,1244,Z,38,Viru keskus
2,8,24635470,59412210,,145,1248,Z,36,Väike-Õismäe
2,23,24726430,59423430,,316,1262,Z,71,Bussijaam
2,12,24845090,59440070,,86,1263,false,5,Seli
2,23,24655980,59403850,,329,1281,Z,4,Kadaka
2,24,24656540,59403250,,152,1301,Z,7,Estonia
2,12,24635480,59412680,,187,1304,Z,72,Väike-Õismäe
2,1,24631380,59359470,,68,1316,Z,102,Vana-Pääsküla
2,67,24690230,59399750,,76,1337,false,6,Seli
2,40,24895840,59447850,,88,1338,false,24,Priisle
2,1,24836890,59514510,,21,1347,Z,29,Viimsi
2,37,24656320,59416370,,331,1348,Z,25,Kakumäe sadam
2,8,24635130,59412280,,204,1355,Z,20,Väike-Õismäe
2,42,24648040,59423930,,241,1364,false,62,Väike-Õismäe
2,1,24831040,59508840,,110,1366,false,4,Vana-Pääsküla
2,1,24800380,59446260,,37,1401,Z,53,Viimsi
2,54,24895320,59447800,,123,1406,Z,43,Priisle
2,37,24646480,59422810,,159,1438,Z,6,Mustamäe
2,36,24655200,59404310,,140,1496,Z,39,Viru
2,24A,24639700,59397870,,17,1506,Z,6,Kadaka
2,23,24664690,59391470,,163,1516,Z,91,Bussijaam
2,67,24754460,59432960,,312,1520,Z,47,Sütiste
2,8,24840000,59474180,,259,1559,Z,64,Väike-Õismäe
2,59,24737980,59439620,,60,1560,Z,40,Balti jaam
2,41,24742460,59441720,,61,1568,Z,46,Balti jaam
2,12,24763820,59417060,,218,1649,false,106,Väike-Õismäe
2,18,24687540,59377800,,68,1740,Z,58,Viru keskus
2,19,24764970,59443540,,76,1757,Z,20,Reisisadama D-terminal
2,21,24760320,59439200,,79,1759,Z,28,Viru keskus
2,54,24795970,59425230,,74,1798,Z,55,Priisle
2,23,24765010,59427920,,285,1813,Z,52,Kadaka
2,67,24684380,59395070,,138,1856,Z,115,Sütiste
2,8,24761330,59439620,,78,1888,Z,103,Äigrumäe
2,19,24710340,59402470,,108,1908,Z,36,Reisisadama D-terminal
2,15,24803680,59420350,,115,1956,Z,31,Sõjamäe
2,31,24817020,59437720,,53,1957,Z,26,Priisle
2,44,24759540,59439290,,296,1960,Z,9,P. Pinna
2,49,24833720,59467690,,195,1961,Z,21,Lennujaam
2,57,24763930,59362670,,143,2032,Z,10,Raudalu
2,49,24806010,59420360,,270,2034,Z,51,Lennujaam
2,33,24717940,59366250,,19,2035,Z,26,Männiku
2,61,24658620,59414110,,145,2050,false,69,Järve haigla
2,58,24864960,59442360,,255,2061,Z,99,Majaka põik
2,63,24895910,59447940,,75,2064,Z,34,Priisle
2,10,24635400,59411760,,189,2065,Z,24,Väike-Õismäe
2,65,24865740,59443380,,157,2068,Z,39,Lennujaam
2,1,24725220,59395600,,194,2070,Z,92,Vana-Pääsküla
2,33,24700020,59380450,,317,2073,Z,45,Kopli
1,72,24659180,59400110,,142,2074,Z,54,Mustamäe
2,61,24615420,59404450,,213,2082,false,50,Kotermaa
2,5,24717750,59368180,,173,2094,false,4,Männiku
2,33,24668220,59380230,,159,2096,false,94,Männiku
1,81,24677140,59404910,,79,2100,Z,7,Kaubamaja
1,81,24683070,59406790,,207,2122,Z,104,Mustamäe
1,83,24700790,59404760,,26,2123,Z,9,Kaubamaja
2,61,24697230,59399390,,329,2125,Z,30,Kotermaa
2,5,24752660,59436570,,205,2130,false,20,Männiku
2,2,24740800,59440810,,52,2140,Z,38,Balti jaam
2,16,24759600,59417780,,242,2181,Z,55,Tallinn-Väike
2,10,24651160,59384560,,312,2188,Z,103,Vana-Pääsküla
2,65,24867230,59441830,,338,2195,Z,24,Priisle
2,33,24700280,59447080,,334,2198,Z,5,Kopli
2,5,24717950,59366400,,355,2200,Z,36,Männiku
2,1,24797570,59444830,,218,2247,Z,16,Vana-Pääsküla
2,26,24635150,59412280,,183,2253,Z,28,Väike-Õismäe
2,12,24664900,59410590,,131,2284,Z,39,Seli
2,16,24635360,59411800,,115,2410,Z,4,Väike-Õismäe
2,4,24649410,59421210,,146,2413,Z,40,Väike-Õismäe
2,4,24635260,59411910,,152,2414,Z,6,Väike-Õismäe
2,13,24839110,59416450,,301,2416,Z,30,Väike-Õismäe
2,16,24690520,59414250,,115,2417,Z,95,Tallinn-Väike
2,33,24667150,59407900,,343,2460,Z,109,Kopli
1,84,24741380,59441670,,56,2472,Z,43,Balti jaam
2,8,24700790,59429180,,95,2480,false,5,Äigrumäe
2,19,24739130,59414760,,191,2482,false,5,Laagri alevik
2,19,24610500,59351400,,182,2484,false,51,Laagri alevik
2,42,24670960,59427730,,83,2510,Z,5,Priisle
2,60,24833070,59450700,,186,2519,Z,65,Maneezi
2,73,24741290,59420120,,303,2556,Z,76,Vana-Lõuna
2,5,24802290,59447510,,38,2566,Z,87,Metsakooli tee
2,18,24725640,59396630,,191,2570,false,5,Urda
2,34,24884570,59472610,,249,2580,Z,74,Viru keskus
2,73,24745500,59427510,,75,2590,false,8,Vana-Lõuna
2,41,24602590,59445980,,228,2595,false,25,Kakumäe
2,10,24635360,59412220,,144,2618,Z,44,Väike-Õismäe
2,25,24770430,59441340,,65,2635,Z,5,Reisisadama D-terminal
2,26,24652890,59413180,,207,2641,Z,50,Väike-Õismäe
2,5,24718120,59366140,,19,2643,Z,71,Metsakooli tee
1,81,24704530,59428910,,36,2645,Z,34,Mustamäe
2,27,24636690,59368430,,217,2658,Z,5,Laagri alevik
2,13,24734980,59403820,,68,2660,Z,81,Priisle
2,10,24629040,59363170,,349,2662,Z,86,Väike-Õismäe
2,5,24861210,59457990,,307,2668,Z,54,Männiku
2,16,24735040,59429740,,234,2669,Z,36,Väike-Õismäe
2,10,24676830,59398060,,77,2672,Z,64,Väike-Õismäe
2,61,24615580,59404620,,210,2677,Z,6,Kotermaa
2,8,24664150,59427400,,258,2683,Z,76,Väike-Õismäe
2,3,24749960,59443580,,26,2684,Z,31,Pelguranna
2,20,24632260,59359030,,85,2689,Z,17,Teelise
2,25,24704940,59429280,,279,2690,Z,26,Tiskre
2,42,24878610,59445260,,247,2720,Z,120,Väike-Õismäe
2,25,24594510,59432480,,107,2721,Z,63,Reisisadama D-terminal
2,25,24763270,59443230,,254,2723,Z,45,Reisisadama D-terminal
2,73,24679100,59460020,,298,2726,Z,33,Kopli liinid
2,33,24696980,59421220,,204,2728,Z,62,Männiku
2,62,24634590,59411840,,190,2757,Z,8,Väike-Õismäe
2,26,24703270,59453190,,24,2764,Z,5,Paljassaare
2,3,24703340,59453270,,24,2770,Z,92,Vana-Lõuna
2,3,24741710,59420050,,308,2773,Z,6,Vana-Lõuna
2,10,24669420,59404090,,148,2801,Z,115,Vana-Pääsküla
2,20,24760320,59439290,,37,2804,Z,2,Viru keskus
2,2,24813240,59408070,,86,2849,Z,65,Mõigu
2,1,24739200,59413750,,12,2861,Z,41,Viimsi
2,1,24639310,59365070,,74,2895,Z,67,Viimsi
2,27,24583490,59414700,,214,2923,Z,22,Harkujärve
2,34,24759490,59439190,,45,3009,Z,52,Viru keskus
2,12,24659410,59413780,,319,3011,Z,90,Väike-Õismäe
2,34,24759490,59439190,,38,3012,Z,28,Viru keskus
2,3,24751430,59419700,,345,3030,Z,57,Pelguranna
2,40,24791440,59442410,,82,3033,Z,108,Priisle
2,12,24635830,59412470,,146,3035,Z,54,Väike-Õismäe
2,67,24707220,59403290,,206,3036,Z,75,Sütiste
2,40,24751940,59434260,,315,3044,Z,43,Pelguranna
2,13,24699670,59403990,,210,3060,Z,16,Väike-Õismäe
2,12,24831730,59439890,,267,3062,Z,124,Väike-Õismäe
2,67,24865280,59442410,,255,3067,Z,101,Sütiste
2,35,24829190,59435770,,157,3070,Z,108,Seli
2,58,24813400,59433430,,43,3101,Z,70,Priisle
2,58,24895360,59447690,,194,3105,Z,38,Priisle
2,48,24832500,59467070,,215,3106,Z,56,Pirita keskus
2,67,24830140,59439460,,85,3124,Z,20,Seli
2,48,24861890,59448890,,323,3136,Z,6,Pirita keskus
2,13,24635460,59412010,,144,3137,Z,106,Väike-Õismäe
2,13,24868030,59449390,,251,3211,Z,42,Väike-Õismäe
2,44,24852400,59437320,,70,3229,Z,60,Viru keskus
2,50,24897330,59444900,,999,3261,Z,9,Majaka põik
2,40,24827860,59444170,,335,3270,Z,61,Pelguranna
2,35,24743610,59433170,,278,3271,Z,35,Pelguranna
2,31A,24895260,59447820,,67,3283,Z,42,Priisle
2,66,24758440,59440280,,294,3295,Z,25,Pelguranna
2,35,24690850,59448310,,235,3296,Z,123,Pelguranna
2,31,24849420,59440900,,227,3318,Z,45,Estonia
2,13,24837920,59426770,,341,3320,Z,69,Priisle
2,44,24759340,59439170,,32,3349,Z,34,Viru keskus
2,40,24697110,59448800,,267,3361,Z,123,Pelguranna
2,35,24821970,59443570,,335,3365,Z,73,Pelguranna
2,24A,24717860,59425630,,205,3381,Z,92,Kadaka
2,48,24847640,59432110,,76,3388,Z,41,Vesse
2,66,24702410,59439880,,104,3420,Z,6,Priisle
2,38,24839020,59468510,,84,3430,Z,5,Muuga
2,50,24876450,59439520,,67,3434,Z,42,Seli
2,12,24781220,59423590,,83,3444,Z,21,Seli
2,13,24656860,59413740,,146,3450,Z,95,Priisle
2,63,24782860,59439900,,70,3457,Z,8,Priisle
2,49,24798680,59418410,,176,3458,Z,33,Lennujaam
2,63,24888010,59453170,,300,3469,Z,61,Maneezi
2,42,24895420,59447630,,146,3488,Z,145,Priisle
2,42,24635960,59412500,,111,3507,Z,134,Väike-Õismäe
2,35,24897230,59445020,,999,3517,Z,21,Pelguranna
2,60,24839760,59451840,,103,3536,Z,36,Seli
2,50,24818410,59432360,,262,3552,Z,105,Majaka põik
2,66,24895530,59447460,,165,3554,Z,42,Priisle
2,6,24840990,59481380,,10,3558,Z,4,Merivälja Pansion
2,49,24841580,59486580,,346,3562,Z,64,Viimsi keskus
2,35,24720060,59427750,,175,3564,Z,6,Seli
2,31,24895310,59447740,,144,3572,Z,6,Priisle
2,54,24637120,59417610,,25,3575,Z,79,Priisle
2,3,24756030,59430240,,150,3578,Z,78,Vana-Lõuna
2,60,24896590,59445180,,343,3579,Z,8,Seli
2,34,24902420,59469840,,154,3582,Z,91,Muuga aedlinn
2,67,24742040,59432390,,62,3583,Z,32,Seli
2,15,24802330,59422740,,3,3588,Z,8,Estonia
2,66,24780430,59443370,,75,3593,Z,60,Priisle
2,39,24741910,59419940,,306,3594,Z,6,Vana-Lõuna
2,66,24867510,59442720,,256,3625,Z,77,Pelguranna
2,42,24636500,59412790,,94,3627,Z,29,Priisle
2,42,24841700,59439970,,84,3702,Z,161,Priisle
2,40,24723360,59434200,,104,3703,Z,6,Priisle
2,31A,24812990,59432080,,264,3715,Z,5,Estonia
2,42,24781370,59432630,,308,3762,Z,104,Väike-Õismäe
2,49,24842230,59420400,,340,3763,Z,6,Viimsi keskus
2,54,24635130,59411750,,182,3788,Z,4,Väike-Õismäe
2,40,24895290,59447760,,95,3792,Z,94,Priisle
2,48,24860600,59450050,,156,3794,Z,21,Vesse
2,31A,24869330,59454910,,89,3810,Z,24,Priisle
2,58,24896280,59447350,,155,3898,Z,6,Priisle
2,34,24762590,59437180,,89,3920,Z,5,Muuga aedlinn
1,84,24724620,59430060,,160,6347,false,130,Keskuse
1,85,24658640,59400730,,189,6348,false,10,Mustamäe
1,85,24681340,59405200,,208,6349,false,46,Mustamäe
1,84,24719010,59433320,,66,6352,false,73,Balti jaam
1,84,24678590,59400500,,107,6358,false,104,Keskuse
1,85,24658650,59400670,,142,6360,false,96,Mustamäe
1,85,24693250,59416890,,25,6362,false,123,Balti jaam
1,83,24659250,59400100,,127,6452,false,40,Mustamäe
1,72,24694480,59400780,,58,6454,false,29,Kopli
1,72,24697700,59449270,,144,6460,false,102,Mustamäe
1,72,24703310,59444100,,333,6461,false,7,Kopli
1,83,24740050,59432380,,241,6462,false,70,Mustamäe
1,72,24697280,59402590,,224,6463,false,78,Mustamäe
1,81,24658660,59400580,,208,6466,false,62,Mustamäe
1,81,24746340,59433010,,277,6469,false,84,Mustamäe
1,81,24722130,59433950,,69,6471,false,125,Kaubamaja
